{
  "advancedEditorSelectedIdentifier" : "ProjectBrowser",
  "openSceneRelativePaths" : [
    "Immersive.usda",
    "Scene.usda"
  ],
  "recentIdentifiers" : {
    "D66134B1-3681-4A8E-AFE5-29F257229F3B" : [

    ]
  },
  "sceneCameraHistory" : {
    "AF09ED6F-1707-48FD-8720-65B998362C09" : [
      {
        "date" : 759847757.343706,
        "title" : "Untitled",
        "transform" : [
          0.97312295,
          6.174594e-10,
          -0.23028623,
          0,
          -0.063642636,
          0.9610534,
          -0.2689353,
          0,
          0.22131737,
          0.27636316,
          0.93522304,
          0,
          0.7103895,
          1.0981431,
          2.9391317,
          1
        ]
      },
      {
        "date" : 759767476.892317,
        "title" : "Untitled",
        "transform" : [
          0.97312295,
          6.174594e-10,
          -0.23028623,
          0,
          -0.063642636,
          0.9610534,
          -0.2689353,
          0,
          0.22131737,
          0.27636316,
          0.93522304,
          0,
          0.5194328,
          0.80295604,
          2.1490765,
          1
        ]
      }
    ],
    "D66134B1-3681-4A8E-AFE5-29F257229F3B" : [
      {
        "date" : 760265127.025182,
        "title" : "Untitled",
        "transform" : [
          0.99997133,
          8.815524e-09,
          -0.0075762426,
          0,
          -0.0034782111,
          0.8883866,
          -0.45908302,
          0,
          0.0067306035,
          0.45909625,
          0.88836104,
          0,
          0.07268262,
          0.56803006,
          0.95363975,
          1
        ]
      },
      {
        "date" : 760202656.724848,
        "title" : "Untitled",
        "transform" : [
          0.9863864,
          8.784207e-09,
          0.16444437,
          0,
          0.085669376,
          0.8535795,
          -0.5138704,
          0,
          -0.14036636,
          0.52096266,
          0.8419591,
          0,
          -0.07718837,
          0.63347423,
          0.8319658,
          1
        ]
      },
      {
        "date" : 760181825.873915,
        "title" : "Untitled",
        "transform" : [
          0.9785079,
          7.527138e-09,
          0.20620961,
          0,
          0.08938685,
          0.90116525,
          -0.42415932,
          0,
          -0.18582894,
          0.4334757,
          0.8817972,
          0,
          -0.12244952,
          0.5408963,
          0.8590297,
          1
        ]
      },
      {
        "date" : 760181823.324039,
        "title" : "Untitled",
        "transform" : [
          0.9283498,
          7.570887e-09,
          0.37170786,
          0,
          0.15599269,
          0.90767914,
          -0.3895957,
          0,
          -0.33739147,
          0.41966477,
          0.84264374,
          0,
          -0.27723974,
          0.5290872,
          0.9086841,
          1
        ]
      },
      {
        "date" : 760181821.440864,
        "title" : "Untitled",
        "transform" : [
          0.9965406,
          8.626846e-09,
          0.08310681,
          0,
          0.02437609,
          0.9560172,
          -0.292296,
          0,
          -0.0794515,
          0.29331067,
          0.9527101,
          0,
          -0.02498722,
          0.4193136,
          0.88512653,
          1
        ]
      },
      {
        "date" : 760181818.045153,
        "title" : "Untitled",
        "transform" : [
          0.9863941,
          8.627435e-09,
          0.1643979,
          0,
          0.036685776,
          0.97478354,
          -0.2201163,
          0,
          -0.16025233,
          0.2231525,
          0.9615208,
          0,
          -0.10299429,
          0.35711858,
          0.9440313,
          1
        ]
      },
      {
        "date" : 759850415.022716,
        "title" : "Untitled",
        "transform" : [
          0.9863941,
          8.627435e-09,
          0.1643979,
          0,
          0.036685776,
          0.97478354,
          -0.2201163,
          0,
          -0.16025233,
          0.2231525,
          0.9615208,
          0,
          -0.11846155,
          0.36810336,
          0.93890417,
          1
        ]
      },
      {
        "date" : 759847872.628188,
        "title" : "Untitled",
        "transform" : [
          0.9863941,
          8.627435e-09,
          0.1643979,
          0,
          0.036685776,
          0.97478354,
          -0.2201163,
          0,
          -0.16025233,
          0.2231525,
          0.9615208,
          0,
          -0.12352061,
          0.3602552,
          0.9398823,
          1
        ]
      },
      {
        "date" : 759847867.493875,
        "title" : "Untitled",
        "transform" : [
          0.9707676,
          9.335968e-09,
          0.24002133,
          0,
          0.03871393,
          0.9869064,
          -0.1565788,
          0,
          -0.23687859,
          0.1612938,
          0.95805687,
          0,
          -0.19689256,
          0.29571837,
          0.9044646,
          1
        ]
      },
      {
        "date" : 759847864.443938,
        "title" : "Untitled",
        "transform" : [
          0.97599894,
          1.1495722e-08,
          0.21777542,
          0,
          0.10087918,
          0.8862403,
          -0.45210794,
          0,
          -0.19300134,
          0.46322587,
          0.86496955,
          0,
          -0.14929909,
          0.60793704,
          0.79875994,
          1
        ]
      }
    ]
  },
  "sceneViewportBackgroundColors" : {

  },
  "selectedSceneRelativePath" : "Scene.usda"
}